 ==================================================================================
| NEP, GEP, R from reference db; NEP_new, GEP_new, R_new from local db
| **** all values in g C m^-2 y^-1, non-ebc corrected, non-NaN totals ****
| Reference db path is \\annex001\database\
| Local db path is D:\clean_db_backups\20120129\database\
==================================================================================
   BS
      Year    NEP    GEP      R    NaNs   NEP_new   GEP_new  R_new  NaNs NEPdiff
----------------------------------------------------------------------------------
      2012    -20      0     20   16309        -8         2     11 16820     -12
      2011    -18    853    871       0       -18       853    871     0       0
      2010     44    904    860       0        44       904    860     0       0
      2009     15    796    781       0        14       799    785     0       1
      2008     11    806    795       0        11       806    795     0      -0
      2007     45    834    788       0        45       834    788     0      -0
      2006     70    811    741       0        70       811    742     0       0
      2005     45    820    775       0        45       818    773     0       0
      2004     37    693    656       0        37       693    656    23      -0
      2003     75    767    692       0        75       767    692     0      -0
      2002     31    711    680       0        30       708    678     0       1
      2001     82    806    725       0        87       802    714   294      -6
      2000     56    820    764       0        56       820    764     0       0
      1999     38    787    764     910        41       775    749   910      -3
==================================================================================
   PA
      Year    NEP    GEP      R    NaNs   NEP_new   GEP_new  R_new  NaNs NEPdiff
----------------------------------------------------------------------------------
      2012    -22     -0     22   15528       -12        -5      8 16266     -10
      2011    225   1057    841     193       225      1057    841   193       0
      2010    105   1120   1015      10       105      1120   1015    10      -0
      2009    160   1098    938       0        68      1007    940    14      92
      2008     89   1056    967       9        90      1057    967     9      -0
      2007    -31    975   1007     160       -31       975   1007   160      -0
      2006    170   1235   1065      32       170      1235   1065    32       0
      2005    115   1046    931       7       115      1046    931     7       0
      2004     17    858    842       0        17       858    842     0       0
      2003     94    917    823       0        94       917    823     0      -0
      2002    125    891    766       0       125       891    766     0       0
      2001    325   1217    892       0       325      1217    892     0       0
      2000    142   1088    946       0       101      1038    945    44      41
==================================================================================
HJP02
      Year    NEP    GEP      R    NaNs   NEP_new   GEP_new  R_new  NaNs NEPdiff
----------------------------------------------------------------------------------
      2008    Inf    Inf    Inf    2844       Inf       Inf    Inf  2844     NaN
      2007   -150    302    452       2      -150       302    452     2       0
      2006   -171    286    458       0      -171       286    458     0       0
      2005   -137    138    275      15      -137       138    275    15      -0
      2004   -149     75    225       0      -149        75    225     0       0
      2003   -154     76    231     179      -154        76    231   179       0
==================================================================================
   CR
      Year    NEP    GEP      R    NaNs   NEP_new   GEP_new  R_new  NaNs NEPdiff
----------------------------------------------------------------------------------
      2012    -34      0     53   16509       -29         0     44 16689      -6
      2011   -359     59    696    6513      -359        59    696  6513       0
      2010    617   2138   1521       2       617      2138   1521     2       0
      2009    545   2105   1560      26       545      2105   1560    26       0
      2008    531   2112   1581       2       531      2112   1581     2       0
      2007    552   2095   1543       2       552      2095   1543     2       0
      2006    386   2112   1727       2       386      2112   1727     2       0
      2005    355   2310   1955       2       355      2310   1955     2       0
      2004    267   2338   2071       2       267      2338   2071     2       0
      2003    353   2078   1725       2       353      2078   1725     2       0
      2002    277   1952   1676       3       277      1952   1676     3       0
      2001    410   2077   1667       2       410      2077   1667     2       0
      2000    400   2091   1693      48       400      2091   1693    48       0
      1999    382   2024   1642       2       382      2024   1642     2       0
==================================================================================
   YF
      Year    NEP    GEP      R    NaNs   NEP_new   GEP_new  R_new  NaNs NEPdiff
----------------------------------------------------------------------------------
      2012    -21     48     69   15505       -22        21     44 16259       1
      2011    361   1726   1365       2       361      1726   1365     2      -0
      2010    350   1721   1371       2       350      1721   1371     2      -0
      2009    248   1589   1341      11       248      1589   1341    11       0
      2008    213   1681   1469       2       213      1681   1469     2       0
      2007    137   1851   1714       2       137      1851   1714     2       0
      2006     15   1490   1475       2        15      1490   1475     2       0
      2005     20   1694   1674       2        20      1694   1674     2       0
      2004   -132   1457   1589       2      -132      1457   1589     2       0
      2003   -100   1206   1306      28      -100      1206   1306    28       0
      2002   -121   1271   1393      25      -121      1271   1393    25      -0
      2001   -137    193    336   12391      -137       193    336 12391       0
==================================================================================
   OY
      Year    NEP    GEP      R    NaNs   NEP_new   GEP_new  R_new  NaNs NEPdiff
----------------------------------------------------------------------------------
      2011   -368      3    899    8459      -368         3    899  8459       0
      2010   -351   1068   1419       1      -351      1068   1419     1       0
      2009   -314    963   1277       2      -314       963   1277     2       0
      2008   -392   1037   1429       8      -392      1037   1429     8       0
      2007   -440   1126   1566      36      -440      1126   1566    36      -0
      2006   -418    783   1204      60      -418       783   1204    60       0
      2005   -421   1111   1533      16      -421      1111   1533    16      -0
      2004   -593    859   1452       2      -593       859   1452     2       0
      2003   -580    622   1202       2      -580       622   1202     2       0
      2002   -565    528   1098     338      -565       528   1098   338       0
      2001   -534    162    698      70      -534       162    698    70       0
      2000   -179     -7    172   12384      -179        -7    172 12384       0
==================================================================================
 MPB1
      Year    NEP    GEP      R    NaNs   NEP_new   GEP_new  R_new  NaNs NEPdiff
----------------------------------------------------------------------------------
      2012    -22      0     22   15504       -64         0     64 16224      41
      2011    -26    608    633       0       -26       608    633     0       0
      2010     63    571    507       0        63       571    507     0       0
      2009     11    535    524       0        11       535    524     0       0
      2008    -58    499    557       0       -58       499    557     0       0
      2007    -81    440    521       0       -81       440    521     0       0
==================================================================================
 MPB2
      Year    NEP    GEP      R    NaNs   NEP_new   GEP_new  R_new  NaNs NEPdiff
----------------------------------------------------------------------------------
      2012    -93      0     93   15907       -53         0     53 16627     -40
      2011    104    562    459       0       104       562    459     0       0
      2010    -30    479    509       0       -30       479    509     0       0
      2009      6    509    503       0         6       509    503     0       0
      2008      3    516    513       0         3       516    513     0       0
      2007    -55    430    485       0       -55       430    485     0      -0
==================================================================================
