101	1	30	Field ID
101	2	30	Year
101	3	30	Day
101	4	30	HHMM
101	5	30	Col_5
101	6	30	Col_6
101	7	30	Col_7
101	8	30	Col_8
101	9	30	Col_9
101	10	30	Col_10
101	11	30	Col_11
101	12	30	Col_12
101	13	30	Col_13
101	14	30	Col_14
101	15	30	Col_15
101	16	30	Col_16
101	17	30	Col_17
101	18	30	Col_18
101	19	30	Col_19
101	20	30	Col_20
101	21	30	Col_21
101	22	30	Col_22
101	23	30	Col_23
101	24	30	Col_24
102	1	1440	Field ID
102	2	1440	Year
102	3	1440	Day
102	4	1440	HHMM
102	5	1440	Col_5
102	6	1440	Col_6
103	1	60	Field ID
103	2	60	Year
103	3	60	Day
103	4	60	HHMM
103	5	60	Col_5
103	6	60	Col_6
103	7	60	Col_7
104	1	30	Field ID
104	2	30	Year
104	3	30	Day
104	4	30	HHMM
104	5	30	Col_5
